         127
          94
         142
          76
         244
         205
         226
          83
           6
         250
          47
         194
         185
          54
         168
         162
         220
          47
         209
         239
          95
          59
         253
          16
         252
          75
          23
          73
         186
         101
         185
          18
          51
         208
         205
         132
         244
         168
         148
         116
         127
         222
         178
          28
         202
          77
         107
         129
         107
          40
         165
          19
         214
         164
         227
         154
         231
         231
          30
         249
         122
          79
         201
         193
          43
          50
         249
         165
         145
         193
           5
         223
         101
         238
          47
          94
          33
          38
          14
         152
         181
          86
           6
         217
          55
         202
         165
         150
          94
         149
         202
         226
         188
          86
          25
           9
          59
         150
          59
          81
         174
         224
          88
         132
         242
         166
         203
           5
          20
         175
         230
          81
          97
         149
         155
         139
         232
         169
          58
         223
         105
         230
         216
         108
         205
         215
          14
         242
         185
         214
         100
          46
          10
         205
          54
         100
         213
          49
         126
         115
          46
         195
         201
         159
          47
         241
         161
         126
          26
           7
